[[8,90387]
,[30,192136]
,[84,164693]
,[13,152542]
,[94,198358]
,[42,34972]
,[5,92353]
,[69,88748]
,[82,45898]
,[99,179485]
,[59,182292]
,[61,165605]
,[23,35350]
,[8,187706]
,[99,119977]
,[4,76924]
,[25,11483]
,[25,10985]
,[40,81284]
,[65,104392]
,[69,124098]
,[32,9599]
,[96,169581]
,[24,75002]
,[45,12531]
,[83,87012]
,[34,32630]
,[47,114544]
,[51,194853]
,[56,101356]
,[43,48973]
,[63,181421]
,[63,96297]
,[66,69919]
,[10,190600]
,[54,20690]
,[55,157929]
,[23,142992]
,[37,84203]
,[13,20989]
,[41,173256]
,[37,80346]
,[57,157973]
,[91,111703]
,[21,180817]
,[56,92155]
,[57,11103]
,[93,92421]
,[78,114017]
,[35,167633]
,[7,19671]
,[85,167120]
,[51,95239]
,[65,196581]
,[86,41939]
,[3,37428]
,[77,177756]
,[56,9122]
,[16,17624]
,[30,169125]
,[46,94935]
,[49,148699]
,[4,158621]
,[19,178012]
,[57,97246]
,[47,116376]
,[97,20155]
,[73,36095]
,[67,96193]
,[50,82414]
,[83,73056]
,[31,29739]
,[3,192852]
,[23,130821]
,[66,101446]
,[71,30870]
,[33,68233]
,[90,116987]
,[27,160399]
,[36,181922]
,[62,52475]
,[15,35580]
,[9,118500]
,[22,187005]
,[56,23013]
,[87,83778]
,[85,91075]
,[90,17023]
,[70,142126]
,[37,78631]
,[20,186596]
,[90,183558]
,[81,45636]
,[46,133367]
,[28,31814]
,[25,36405]
,[30,129504]
,[3,94606]
,[70,150019]
,[47,122527]
]
